20 21 22 23 24 
md1:
4 3 
2 5 
inverse(md1):
0.357143 -0.214286 
-0.142857 0.285714 

inverse(inverse(md1)):
4 3 
2 5 

md1*md1
16 9 
4 25 
inverse(inverse(md1*md1))
16 9 
4 25 
md1-md1
0 0 
0 0 
md1/md1
1 1 
1 1 
exp(md1)
54.5982 20.0855 
7.38906 148.413 
inverse(inverse(exp(md1)))
54.5982 20.0855 
7.38906 148.413 
log(md1)
1.38629 1.09861 
0.693147 1.60944 
inverse(inverse(matmult(transp(md1),md1)))
20 22 
22 34 
pow(md1,0.5):
2 1.73205 
1.41421 2.23607 
pow(iota(8),2):
0 1 4 9 16 25 36 49 
md5:
10 10 10 10 10 
10 10 10 10 10 
10 10 10 10 10 
10 10 10 10 10 
10 10 10 10 10 
urand(md5):
3 6 7 5 3 
5 6 2 9 1 
2 7 0 9 3 
6 0 6 2 6 
1 8 7 9 2 
matmult(vd1,transp(vd1)):
30 
pow(vd1,2):
0 1 4 9 16 
transp(vd1):
0
1
2
3
4
lamPlus(vd1): 0 1 3 6 10 
lamPlus(pow(vd1,2)): 0 1 5 14 30 
lamPlus(transp(vd1)):
0 
1 
2 
3 
4 
lamPlus(md1):
4 7 
2 7 
lamTimes(vd1+1.0)): 1 2 6 24 120 
sum(md1):
7
7
mean(md1):
3.5
3.5
sd(md1):
0.707107
2.12132
matmult(transp(sum(md1)),sum(md1)):
98 
matmult((transp(md23)),md23):
1 2 3 
2 5 8 
3 8 13 
matmult_xpy(md23,md23):
1 2 3 
2 5 8 
3 8 13 
matmult(md23, transp(md23)):
5 8 
8 14 
matmult_xyp(md23,md23):
5 8 
8 14 
md23:
0 1 2 
1 2 3 
ravel(md23):
0 1 2 1 2 3 
ravel(Md(ravel(md23))):
0 1 2 1 2 3 
ravel(Md(transp(ravel(md23)))):
0 1 2 1 2 3 
catcols(md1,md1):
4 3 4 3 
2 5 2 5 
catcols(transp(md1[0])),md1):
4 4 3 
3 2 5 
catrows(md1,md1):
4 3 
2 5 
4 3 
2 5 
catrows(md1[0],md1):
4 3 
4 3 
2 5 
catrows(iota(5),iota(5)+20):
0 1 2 3 4 
20 21 22 23 24 

urand(3,4):
0.400944 0.12979 0.108809 0.998925 
0.218257 0.512932 0.839112 0.61264 
0.296032 0.637552 0.524287 0.493583 
nrand(3,4):
0.119998 1.12831 1.65837 -1.10593 
2.21457 0.533737 0.365897 -1.0098 
-0.587892 0.157267 -0.0585743 -1.11642 
sum(u1000) = 502.725 
sum(pow(u1000,2))=332.719 
variance(u1000)*12=0.95984 

sum(n1000) = -51.2047 
sum(pow(n1000,2))=1032.43 
variance(n1000)=1.02981 


u5=urand(1,5)=0.0675123 0.022132 0.0354191 0.240181 0.543572 
indexx(u5)=1 2 0 3 4 
sort(u5)=0.022132 0.0354191 0.0675123 0.240181 0.543572 

u23:
0.640534 0.450862 0.0508088 
0.026347 0.891173 0.196882 
drho(5,5,u23):
0.640534 0.450862 0.0508088 0.026347 0.891173 
0.196882 0.640534 0.450862 0.0508088 0.026347 
0.891173 0.196882 0.640534 0.450862 0.0508088 
0.026347 0.891173 0.196882 0.640534 0.450862 
0.0508088 0.026347 0.891173 0.196882 0.640534 
varcovar(matmult_xpy(u23,u23)):
0.0374046 0.0323781 0.00431746 
0.0323781 0.186838 0.0391879 
0.00431746 0.0391879 0.00841182 
correlmat(matmult_xpy(u23,u23)):
1 0.387308 0.2434 
0.387308 1 0.988494 
0.2434 0.988494 1 
varcovar(nrand(1000,3)):
0.982108 -0.0203252 0.0106983 
-0.0203252 1.08499 -0.0452714 
0.0106983 -0.0452714 1.02593 
correlmat(nrand(1000,3)):
1 -0.0196899 0.010658 
-0.0196899 1 -0.0429092 
0.010658 -0.0429092 1 
drho(2,3,M<string>("howdy")):
howdy howdy howdy 
howdy howdy howdy 
ms23:
howdy doody time 
the barney show 
transp(ms23):
howdy the 
doody barney 
time show 
sin(drho(2,2,3.0)):
0.14112 0.14112 
0.14112 0.14112 
sin(drho(2,3,3.0)):
0.14112 0.14112 0.14112 
0.14112 0.14112 0.14112 
quantiles(iota(9),1)= 4 
quantiles(iota(9),2)= 2.66667 5.33333 
quantiles(iota(9),3)= 2 4 6 
quantiles(iota(3),1)= 1 
quantiles(iota(4),2)= 1 2 
median(iota(9))= 4 
median(iota(8))= 3.5 
quantiles(nrand(1,10000),3):
-0.672106 0.00277253 0.680707 
drho(4,4,Md(iota(16))):
0 1 2 3 
4 5 6 7 
8 9 10 11 
12 13 14 15 
take( drho(4,4,Md(iota(16))), convertV<double,int>(iota(2))):
0 1 
4 5 
8 9 
12 13 
take( drho(4,4,Md(iota(16))), convertV<double,int>(iota(2)+1)):
1 2 
5 6 
9 10 
13 14 
take( drho(4,4,Md(iota(16))), convertV<double,int>(transp(iota(2)))):
0 1 2 3 
4 5 6 7 
take( drho(4,4,Md(iota(16))),convertV<double,int>(transp(iota(2)+1))):
4 5 6 7 
8 9 10 11 
ols1( 3.14*transp(iota(20)) + nrand(20,1), catcols( drho(20,1,1.0), transp(iota(20)) )):
ols1.beta():
2.54391
2.08545
catcols(catcols(y,ols1.yhat()),ols1.res()):
2.80375 2.54391 0.259842 
1.55942 4.62936 -3.06994 
-2.92207 6.71482 -9.63688 
4.77645 8.80027 -4.02382 
-9.36459 10.8857 -20.2503 
15.7916 12.9712 2.82044 
19.1966 15.0566 4.13996 
20.6964 17.1421 3.55433 
25.1552 19.2275 5.92764 
27.9997 21.313 6.68666 
30.5034 23.3984 7.10491 
33.992 25.4839 8.50811 
37.6131 27.5694 10.0438 
39.9825 29.6548 10.3277 
44.8994 31.7403 13.1591 
31.3099 33.8257 -2.51586 
50.2562 35.9112 14.3451 
52.8245 37.9966 14.8278 
-38.3661 40.0821 -78.4482 
58.4072 42.1675 16.2396 
round(catcols(catcols(y,ols1.yhat()),ols1.res()),0.1):
2.8 2.5 0.3 
1.6 4.6 -3.1 
-2.9 6.7 -9.6 
4.8 8.8 -4 
-9.4 10.9 -20.3 
15.8 13 2.8 
19.2 15.1 4.1 
20.7 17.1 3.6 
25.2 19.2 5.9 
28 21.3 6.7 
30.5 23.4 7.1 
34 25.5 8.5 
37.6 27.6 10 
40 29.7 10.3 
44.9 31.7 13.2 
31.3 33.8 -2.5 
50.3 35.9 14.3 
52.8 38 14.8 
-38.4 40.1 -78.4 
58.4 42.2 16.2 
ols1.r2() = 0.617012
round(ols1.r2(),0.00001) = 0.61701
ols1.tstats():
1.30317
11.8722

ols1.betaVcv():
3.81068 -0.293129 
-0.293129 0.0308557 
ols1.betaCorrelmat():
1 -0.85485 
-0.85485 1 
ols1.displayAll():
2.54391 1.30317 1 -0.85485 
2.08545 11.8722 -0.85485 1 

tls01.beta():
2.54391
2.08545

tls01 [y|yhat]=
2.80375 2.54391 
1.55942 4.62936 
-2.92207 6.71482 
4.77645 8.80027 
-9.36459 10.8857 
15.7916 12.9712 
19.1966 15.0566 
20.6964 17.1421 
25.1552 19.2275 
27.9997 21.313 
30.5034 23.3984 
33.992 25.4839 
37.6131 27.5694 
39.9825 29.6548 
44.8994 31.7403 
31.3099 33.8257 
50.2562 35.9112 
52.8245 37.9966 
-38.3661 40.0821 
58.4072 42.1675 

tls05.beta():
-4.08339
3.27172

tls10.beta():
-1.50774
3.10446

tls25.beta():
0.415835
3.07711


cgram of e_t = u_t + 0.5*u_{t-1} AR(1) process:
-0.00570052 -10 
-0.0377869 -9 
-0.0391127 -8 
-0.0475533 -7 
-0.0312843 -6 
0.00921995 -5 
0.0417493 -4 
0.146763 -3 
0.216401 -2 
0.468321 -1 
1 0 
0.468321 1 
0.216401 2 
0.146763 3 
0.0417493 4 
0.00921995 5 
-0.0312843 6 
-0.0475533 7 
-0.0391127 8 
-0.0377869 9 
-0.00570052 10 

m:
9214 6088 10268 8420 11524 
6088 8449 5606 7354 6947 
10268 5606 13864 12785 13918 
8420 7354 12785 18021 11577 
11524 6947 13918 11577 22455 

eigvects(m):
0.677634 -0.21596 -0.583806 -0.107816 -0.376457 
-0.302739 -0.879739 0.105973 0.225277 -0.269124 
-0.622067 0.307533 -0.537995 0.0494291 -0.475999 
0.24937 0.285297 0.367476 0.697622 -0.484464 
matmult_xyp(eigvects,eigvects):
1 0 0 0 
0 1 0 0 
0 0 1 0 
0 0 0 1 
rowmax(m):
11524
8449
13918
18021
22455
-m:
-9214 -6088 -10268 -8420 -11524 
-6088 -8449 -5606 -7354 -6947 
-10268 -5606 -13864 -12785 -13918 
-8420 -7354 -12785 -18021 -11577 
-11524 -6947 -13918 -11577 -22455 
m: 0 1 4 9 16 25 36 49 64 81 
0 1 8 27 64 125 216 343 512 729 
diffs(m): 1 3 5 7 9 11 13 15 17 
1 7 19 37 61 91 127 169 217 
shuffle(m):
49 64 4 36 9 25 16 0 1 81 
343 512 8 216 27 125 64 0 1 729 

Points:
-1.03 0.01 
1.18 -0.14 
0.75 -1.48 
-0.03 -0.73 
-0.3 -1.38 
1.02 -0.25 
2.67 -1.02 
-0.97 1.21 
-0.94 -0.63 
-1.19 -0.34 
NW Efficient frontier:
1.18 -0.14 
2.67 -1.02 
-0.97 1.21 

ml1:
7 0 3 0 6 
4 6 1 8 8 
ml2:
3 8 10 2 8 
1 6 10 2 1 
ml1 < ml2:
0 1 1 1 1 
0 0 1 0 0 
ml1 <= ml2:
0 1 1 1 1 
0 1 1 0 0 
ml1 > ml2:
1 0 0 0 0 
1 0 0 1 1 
ml1 >= ml2:
1 0 0 0 0 
1 1 0 1 1 
ml1 == ml2:
0 0 0 0 0 
0 1 0 0 0 
ml1 != ml2:
1 1 1 1 1 
1 0 1 1 1 
!(ml1==ml2):
1 1 1 1 1 
1 0 1 1 1 
ml3:
0 1 0 1 1 
0 0 1 0 1 
1 0 0 0 0 
ml4:
0 0 1 0 1 
1 1 1 0 1 
0 0 1 0 1 
ml3 || ml4 :
0 1 1 1 1 
1 1 1 0 1 
1 0 1 0 1 
ml3 && ml4 :
0 0 0 0 1 
0 0 1 0 1 
0 0 0 0 0 
(!ml3) && (!ml4) :
1 0 0 0 0 
0 0 0 1 0 
0 1 0 1 0 
! (ml3 || ml4) :
1 0 0 0 0 
0 0 0 1 0 
0 1 0 1 0 
R^2 = 0.695754
Introducing column 0 with absolute correlation 0.967223
R^2 = 0.980382
stepwise best model:
-1.59631 -1.63767 1 -0.85485 
3.29397 37.5545 -0.85485 1 

check with ols on all columns:
1.90652 1.02399 1 -0.786262 0.630768 -0.537552 0.475355 
2.40063 1.675 -0.786262 1 -0.960255 0.900429 -0.845061 
-0.122963 -0.38582 0.630768 -0.960255 1 -0.98432 0.954383 
0.0243624 0.954627 -0.537552 0.900429 -0.98432 1 -0.991663 
-0.000846125 -1.27048 0.475355 -0.845061 0.954383 -0.991663 1 
drho(3,5,iota(6)-3):
-3 -2 -1 0 1 
2 -3 -2 -1 0 
1 2 -3 -2 -1 
fabs(drho(3,5,iota(6)-3)):
3 2 1 0 1 
2 3 2 1 0 
1 2 3 2 1 
gaussian01(-3) = 0.0013499
gaussian01(-2.5) = 0.00620966
gaussian01(-2) = 0.0227501
gaussian01(-1.5) = 0.0668072
gaussian01(-1) = 0.158655
gaussian01(-0.5) = 0.308538
gaussian01(0) = 0.5
gaussian01(0.5) = 0.691462
gaussian01(1) = 0.841345
gaussian01(1.5) = 0.933193
gaussian01(2) = 0.97725
gaussian01(2.5) = 0.99379
gaussian01(3) = 0.99865
1 0 0 
0 1 0 
0 0 1 

